mercury: 0.283581
venus: 0.60733
earth: 1
mars: 2.02464
jupiter: 11.5552
saturn: 14.8918
uranus: 89.2256
neptune: 166.475
