mercury: 0.273436
venus: 0.598622
earth: 1
mars: 2.10485
jupiter: 11.1407
saturn: 30.7433
uranus: 86.1017
neptune: 160.582
